1618986
1619894
1621417
1622949
1623065
1623067
1623070
1623071
1623078
1623121
1623243
1623564
1624068
1624523
1624624
1624648
1624667
1624722
1624842
1625119
1625138
1625152
1625167
1625241
1625242
1625330
1625340
1625425
1625512
1625581
1625822
1625963
1626165
1626597
1626703
1626732
1627409
1627542
1627559
1627729
1627731
1627953
1627954
1627969
1628155
1628888
1628974
1629016
1629103
1629152
1629276
1629277
1629370
1629810
1630194
1630197
1630222
1630223
1630320
1630490
1630555
1630632
1630867
1630868
1631170
1631171
1631578
1631700
1631718
1631723
1631825
1631827
1631857
1632038
1632105
1632109
1632116
1632117
1632313
1632535
